0.000000 0.000000
0.005805 0.000000
0.011610 0.000000
0.017415 0.000000
0.023220 0.000000
0.029025 0.000000
0.034830 0.000000
0.040635 0.000000
0.046440 0.000000
0.052245 0.000000
0.058050 0.000000
0.063855 0.000000
0.069660 0.000000
0.075465 0.000000
0.081270 0.000000
0.087075 0.000000
0.092880 0.000000
0.098685 0.000000
0.104490 0.000000
0.110295 0.000000
0.116100 0.000000
0.121905 0.000000
0.127710 0.000000
0.133515 0.000000
0.139320 0.000000
0.145125 0.000000
0.150930 0.000000
0.156735 0.000000
0.162540 0.000000
0.168345 0.000000
0.174150 0.000000
0.179955 0.000000
0.185760 0.000000
0.191565 0.000000
0.197370 0.000000
0.203175 0.000000
0.208980 0.000000
0.214785 0.000000
0.220590 0.000000
0.226395 0.000000
0.232200 0.000000
0.238005 0.000000
0.243810 0.000000
0.249615 0.000000
0.255419 0.000000
0.261224 0.000000
0.267029 0.000000
0.272834 0.000000
0.278639 0.000000
0.284444 0.000000
0.290249 0.000000
0.296054 0.000000
0.301859 0.000000
0.307664 0.000000
0.313469 0.000000
0.319274 0.000000
0.325079 0.000000
0.330884 0.000000
0.336689 0.000000
0.342494 0.000000
0.348299 0.000000
0.354104 0.000000
0.359909 0.000000
0.365714 0.000000
0.371519 0.000000
0.377324 0.000000
0.383129 0.000000
0.388934 0.000000
0.394739 0.000000
0.400544 0.000000
0.406349 0.000000
0.412154 0.000000
0.417959 0.000000
0.423764 0.000000
0.429569 0.000000
0.435374 0.000000
0.441179 0.000000
0.446984 292.212860
0.452789 144.327591
0.458594 0.000000
0.464399 0.000000
0.470204 0.000000
0.476009 0.000000
0.481814 0.000000
0.487619 0.000000
0.493424 0.000000
0.499229 0.000000
0.505034 100.208717
0.510839 0.000000
0.516644 102.737587
0.522449 0.000000
0.528254 0.000000
0.534059 0.000000
0.539864 0.000000
0.545669 0.000000
0.551474 0.000000
0.557279 0.000000
0.563084 0.000000
0.568889 0.000000
0.574694 0.000000
0.580499 0.000000
0.586304 0.000000
0.592109 0.000000
0.597914 0.000000
0.603719 0.000000
0.609524 0.000000
0.615329 0.000000
0.621134 0.000000
0.626939 0.000000
0.632744 0.000000
0.638549 0.000000
0.644354 0.000000
0.650159 0.000000
0.655964 0.000000
0.661769 0.000000
0.667574 0.000000
0.673379 0.000000
0.679184 0.000000
0.684989 0.000000
0.690794 0.000000
0.696599 0.000000
0.702404 0.000000
0.708209 0.000000
0.714014 0.000000
0.719819 0.000000
0.725624 0.000000
0.731429 0.000000
0.737234 0.000000
0.743039 0.000000
0.748844 172.525482
0.754649 0.000000
0.760454 3140.013184
0.766258 1933.388672
0.772063 1959.686401
0.777869 898.027283
0.783673 0.000000
0.789478 458.121552
0.795283 218.272217
0.801088 207.721695
0.806893 0.000000
0.812698 143.646057
0.818503 149.009964
0.824308 148.657700
0.830113 137.134430
0.835918 126.898148
0.841723 126.330811
0.847528 123.402435
0.853333 123.259453
0.859138 118.972443
0.864943 118.887535
0.870748 112.794792
0.876553 107.023117
0.882358 106.980347
0.888163 103.461052
0.893968 103.331741
0.899773 101.276787
0.905578 101.645363
0.911383 99.351433
0.917188 99.136734
0.922993 96.151428
0.928798 96.051353
0.934603 95.869286
0.940408 95.912621
0.946213 96.103310
0.952018 96.122398
0.957823 96.075737
0.963628 98.397507
0.969433 101.825432
0.975238 106.586510
0.981043 106.432297
0.986848 106.387238
0.992653 128.170288
0.998458 128.208359
1.004263 128.837524
1.010068 136.160660
1.015873 139.559113
1.021678 145.906982
1.027483 149.704865
1.033288 151.390564
1.039093 154.723007
1.044898 157.532059
1.050703 159.444061
1.056508 162.043655
1.062313 162.909882
1.068118 162.614441
1.073923 163.043915
1.079728 163.862518
1.085533 164.543259
1.091338 165.600403
1.097143 167.201050
1.102948 168.926254
1.108753 170.622498
1.114558 172.758926
1.120363 175.325302
1.126168 177.598679
1.131973 179.223404
1.137778 180.402557
1.143583 181.612106
1.149388 182.826096
1.155193 183.733688
1.160998 184.491455
1.166803 185.747772
1.172608 187.501831
1.178413 188.954254
1.184218 190.261719
1.190023 192.011078
1.195828 193.692261
1.201633 194.628174
1.207438 195.424515
1.213243 196.586349
1.219048 198.008667
1.224853 199.376587
1.230658 200.470856
1.236463 201.017929
1.242268 201.053116
1.248073 200.800797
1.253878 200.089203
1.259683 198.586121
1.265488 196.399536
1.271293 194.297882
1.277097 193.017899
1.282902 192.934418
1.288707 189.921417
1.294513 162.404984
1.300317 180.173538
1.306122 190.892487
1.311927 195.537735
1.317732 195.321091
1.323537 4427.193848
1.329342 4411.029297
1.335147 4404.805664
1.340952 4405.684570
1.346757 1735.496582
1.352562 193.261826
1.358367 192.731171
1.364172 192.421860
1.369977 198.897034
1.375782 198.871475
1.381587 199.064041
1.387392 180.611694
1.393197 180.890106
1.399002 90.514282
1.404807 182.969711
1.410612 184.872894
1.416417 187.388947
1.422222 188.585068
1.428027 189.474777
1.433832 189.857712
1.439637 189.601364
1.445442 188.993591
1.451247 188.445847
1.457052 188.085495
1.462857 187.766983
1.468662 187.401733
1.474467 186.946320
1.480272 186.176620
1.486077 185.050140
1.491882 183.978210
1.497687 183.274628
1.503492 182.923615
1.509297 182.991959
1.515102 184.127167
1.520907 185.567795
1.526712 186.755127
1.532517 188.286087
1.538322 190.286240
1.544127 192.542297
1.549932 194.595947
1.555737 196.410309
1.561542 198.233414
1.567347 200.416992
1.573152 202.641891
1.578957 204.462570
1.584762 205.919006
1.590567 206.883713
1.596372 207.544785
1.602177 208.301025
1.607982 209.086761
1.613787 209.868057
1.619592 210.754517
1.625397 211.568436
1.631202 211.873749
1.637007 211.645584
1.642812 211.437256
1.648617 211.764481
1.654422 212.768692
1.660227 214.079865
1.666032 214.895126
1.671837 215.128922
1.677642 215.634399
1.683447 217.165329
1.689252 218.924591
1.695057 219.976913
1.700862 220.725769
1.706667 221.774277
1.712472 223.426743
1.718277 225.254852
1.724082 226.691483
1.729887 227.627121
1.735692 228.116608
1.741497 228.050110
1.747302 227.163101
1.753107 225.538681
1.758912 223.433502
1.764717 220.836243
1.770522 217.585983
1.776327 212.844513
1.782132 209.088028
1.787936 203.381577
1.793741 198.130295
1.799546 193.997757
1.805351 191.013718
1.811157 185.777557
1.816961 169.035568
1.822766 164.556274
1.828571 155.204697
1.834376 0.000000
1.840181 0.000000
1.845986 141.610291
1.851791 107.792046
1.857596 0.000000
1.863401 0.000000
1.869206 107.489525
1.875011 0.000000
1.880816 209.101273
1.886621 220.564133
1.892426 221.832901
1.898231 218.469208
1.904036 223.804535
1.909841 224.519119
1.915646 1428.304565
1.921451 1410.426025
1.927256 1394.279175
1.933061 1393.186646
1.938866 1398.968872
1.944671 1392.335205
1.950476 1378.397827
1.956281 1365.539429
1.962086 1348.407959
1.967891 1316.854126
1.973696 1261.568726
1.979501 1246.150146
1.985306 1248.744751
1.991111 1248.594604
1.996916 1237.499146
2.002721 1223.654907
2.008526 99.566734
2.014331 102.291000
2.020136 103.127525
2.025941 105.077385
2.031746 107.084740
2.037551 108.567719
2.043356 111.641335
2.049161 112.144264
2.054966 112.259247
2.060771 112.306870
2.066576 112.601974
2.072381 114.416786
2.078186 114.883858
2.083991 115.467545
2.089796 120.516182
2.095601 121.185402
2.101406 121.813850
2.107211 122.003647
2.113016 121.922379
2.118821 121.776855
2.124626 121.646523
2.130431 121.761360
2.136236 122.644302
2.142041 123.628395
2.147846 123.914330
2.153651 124.189407
2.159456 124.385345
2.165261 124.271683
2.171066 123.971443
2.176871 123.670044
2.182676 123.015694
2.188481 122.309151
2.194286 122.192642
2.200091 122.384460
2.205896 122.854393
2.211701 123.634445
2.217506 124.498482
2.223311 125.886284
2.229116 128.072922
2.234921 129.915985
2.240726 131.154083
2.246531 132.162079
2.252336 132.696365
2.258141 132.810577
2.263946 132.790863
2.269751 132.870438
2.275556 132.994217
2.281361 133.112335
2.287166 133.339645
2.292970 133.572357
2.298775 133.566116
2.304580 133.226959
2.310385 132.706818
2.316190 132.315414
2.321995 132.083038
2.327801 132.074432
2.333606 132.034180
2.339411 131.694977
2.345215 131.225357
2.351020 131.116669
2.356825 0.000000
2.362630 115.759842
2.368435 115.616379
2.374240 107.978683
2.380045 0.000000
2.385850 167.584763
2.391655 0.000000
2.397460 64.716988
2.403265 63.145695
2.409070 213.762222
2.414875 0.000000
2.420680 215.541428
2.426485 0.000000
2.432290 224.482956
2.438095 215.234833
2.443900 1192.546265
2.449705 1186.416870
2.455510 1186.756958
2.461315 1192.753662
2.467120 1214.920898
2.472925 1275.950195
2.478730 1312.475952
2.484535 1347.705688
2.490340 1384.367065
2.496145 1409.799805
2.501950 1421.028442
2.507755 1405.998169
2.513560 1386.431396
2.519365 1396.550415
2.525170 178.545868
2.530975 181.491516
2.536780 184.188782
2.542585 184.193558
2.548390 181.910248
2.554195 179.629776
2.560000 177.892776
2.565805 175.660141
2.571610 173.572586
2.577415 170.871109
2.583220 168.483597
2.589025 166.563538
2.594830 164.312195
2.600635 161.988541
2.606440 161.063187
2.612245 161.492126
2.618050 161.435486
2.623855 160.973129
2.629660 160.612366
2.635465 160.680283
2.641270 161.370453
2.647075 162.602890
2.652880 163.725082
2.658685 164.613571
2.664490 164.954300
2.670295 164.873810
2.676100 164.854904
2.681905 164.668304
2.687710 163.675232
2.693515 162.681641
2.699320 162.544586
2.705125 162.864807
2.710930 163.106247
2.716735 163.309341
2.722540 163.936188
2.728345 164.948105
2.734150 165.651688
2.739955 165.616333
2.745760 165.354233
2.751565 165.282761
2.757370 165.094894
2.763175 164.408371
2.768980 163.490356
2.774785 162.916443
2.780590 163.412125
2.786395 164.601212
2.792200 165.549118
2.798005 166.233154
2.803810 166.909317
2.809614 167.877518
2.815419 169.154053
2.821224 170.188507
2.827029 170.810379
2.832834 171.383301
2.838639 172.448334
2.844445 173.831787
2.850250 175.017456
2.856054 176.005325
2.861859 177.020477
2.867664 177.732910
2.873469 178.062714
2.879274 178.081345
2.885079 177.953278
2.890884 177.834885
2.896689 177.818344
2.902494 177.436981
2.908299 175.994598
2.914104 173.560013
2.919909 170.849869
2.925714 0.000000
2.931519 0.000000
2.937324 0.000000
2.943129 0.000000
2.948934 0.000000
2.954739 0.000000
2.960544 0.000000
2.966349 0.000000
2.972154 0.000000
2.977959 0.000000
2.983764 0.000000
2.989569 0.000000
2.995374 0.000000
3.001179 89.261497
3.006984 0.000000
3.012789 0.000000
3.018594 0.000000
3.024399 1278.832642
3.030204 1271.230469
3.036009 1269.467407
3.041814 1262.446411
3.047619 1228.622437
3.053424 1196.186279
3.059229 221.635071
3.065034 236.598145
3.070839 236.450638
3.076644 235.065369
3.082449 233.580078
3.088254 232.558716
3.094059 232.466751
3.099864 232.977219
3.105669 233.328751
3.111474 233.381149
3.117279 233.413528
3.123084 233.598648
3.128889 233.753708
3.134694 233.772583
3.140499 234.053848
3.146304 235.175797
3.152109 236.885071
3.157914 238.088409
3.163719 239.848404
3.169524 242.357529
3.175329 244.043274
3.181134 244.441788
3.186939 244.292770
3.192744 244.153015
3.198549 244.178467
3.204354 244.253845
3.210159 244.320633
3.215964 244.799225
3.221769 245.696487
3.227574 246.207901
3.233379 246.264465
3.239184 246.563263
3.244989 247.267685
3.250794 248.187469
3.256599 249.307968
3.262404 250.531952
3.268209 251.482224
3.274014 252.189880
3.279819 253.083984
3.285624 254.475601
3.291429 256.078033
3.297234 257.844116
3.303039 259.901154
3.308844 262.082306
3.314649 264.473541
3.320453 267.570465
3.326258 271.002106
3.332063 273.397003
3.337868 274.717224
3.343673 275.761658
3.349478 276.932587
3.355283 278.028992
3.361089 278.627869
3.366894 278.732391
3.372698 278.837860
3.378503 279.283234
3.384308 279.983154
3.390113 280.784302
3.395918 281.544830
3.401723 282.043823
3.407528 282.167480
3.413333 282.036835
3.419138 281.944427
3.424943 282.159668
3.430748 282.461029
3.436553 282.435028
3.442358 282.028198
3.448163 281.344208
3.453968 280.351593
3.459773 278.977020
3.465578 277.418396
3.471383 276.103058
3.477188 275.184265
3.482993 274.336914
3.488798 273.536438
3.494603 272.979614
3.500408 272.471130
3.506213 271.676880
3.512018 270.696106
3.517823 269.884613
3.523628 269.415344
3.529433 269.113190
3.535238 268.599335
3.541043 267.889282
3.546848 267.296539
3.552653 266.739746
3.558458 266.043640
3.564263 265.011719
3.570068 263.231384
3.575873 259.770782
3.581678 252.481369
3.587483 240.226273
3.593288 231.458191
3.599093 227.981277
3.604898 223.805771
3.610703 220.649200
3.616508 202.162247
3.622313 271.351898
3.628118 270.632935
3.633923 256.666870
3.639728 250.646408
3.645533 247.724686
3.651338 245.910828
3.657143 244.455566
3.662948 243.264938
3.668753 242.635864
3.674558 242.663254
3.680363 243.234268
3.686168 244.268265
3.691973 245.502136
3.697778 246.449783
3.703583 247.211426
3.709388 247.726578
3.715193 247.642929
3.720998 247.215332
3.726803 247.231918
3.732608 248.061218
3.738413 249.337784
3.744218 250.064514
3.750023 249.837555
3.755828 249.296753
3.761633 249.172882
3.767438 249.389481
3.773243 249.591461
3.779048 249.705338
3.784853 249.675720
3.790658 249.420334
3.796463 248.988312
3.802268 248.441223
3.808073 247.863739
3.813878 247.468155
3.819683 247.206680
3.825488 246.865738
3.831293 246.792542
3.837097 247.483948
3.842902 248.823776
3.848707 250.081589
3.854512 250.589539
3.860317 250.127960
3.866122 249.582901
3.871927 250.074371
3.877733 251.188187
3.883538 251.889328
3.889342 252.313278
3.895147 253.225006
3.900952 254.472977
3.906757 255.586365
3.912562 256.343262
3.918367 256.584717
3.924172 256.390381
3.929977 255.957062
3.935782 255.406601
3.941587 254.674469
3.947392 253.768265
3.953197 252.971954
3.959002 252.343719
3.964807 251.494080
3.970612 250.615250
3.976417 250.490524
3.982222 251.115021
3.988027 251.848389
3.993832 252.647812
3.999637 253.998047
4.005442 255.269440
4.011247 255.959549
4.017052 256.679047
4.022857 257.837738
4.028662 259.018738
4.034467 259.593597
4.040272 259.622345
4.046077 259.374725
4.051882 258.989471
4.057687 258.656555
4.063492 258.774475
4.069297 259.305786
4.075102 259.571411
4.080907 259.142975
4.086712 258.033112
4.092517 256.733582
4.098322 256.135162
4.104127 256.531952
4.109932 257.122131
4.115737 257.330933
4.121542 257.175568
4.127347 256.946106
4.133152 256.915344
4.138957 257.464508
4.144762 258.803711
4.150567 260.582458
4.156372 262.642548
4.162177 264.788147
4.167982 266.184296
4.173787 266.401703
4.179592 266.139648
4.185397 265.997467
4.191202 266.086456
4.197007 266.687775
4.202812 268.226379
4.208617 270.101654
4.214422 271.153687
4.220227 271.536194
4.226032 271.987671
4.231837 272.710236
4.237642 273.255157
4.243447 273.473602
4.249252 273.643555
4.255057 273.845062
4.260862 273.993256
4.266667 274.010773
4.272471 273.971313
4.278276 274.050842
4.284081 274.691345
4.289886 276.333923
4.295691 278.726501
4.301497 281.112793
4.307302 283.201202
4.313107 285.311768
4.318912 287.548401
4.324717 289.788147
4.330522 291.968201
4.336327 293.740265
4.342132 294.866028
4.347937 295.919281
4.353742 297.477417
4.359547 299.415771
4.365352 301.148590
4.371157 302.516632
4.376961 303.739502
4.382766 304.933228
4.388571 306.090790
4.394376 306.979980
4.400181 307.356812
4.405986 307.274872
4.411791 307.115479
4.417596 307.135437
4.423401 307.215912
4.429206 307.311218
4.435011 307.605652
4.440816 308.183472
4.446621 308.886200
4.452426 309.473206
4.458231 309.795654
4.464036 309.983826
4.469841 310.359711
4.475646 310.715546
4.481451 310.765472
4.487256 310.776886
4.493061 311.040375
4.498866 311.629242
4.504671 312.527527
4.510476 313.738373
4.516281 315.333405
4.522086 317.270050
4.527891 318.725555
4.533696 319.869110
4.539501 321.186218
4.545306 322.663391
4.551111 324.029755
4.556916 325.064636
4.562721 325.942413
4.568526 326.770477
4.574331 327.297882
4.580136 327.154083
4.585941 326.055481
4.591746 323.552002
4.597551 318.494781
4.603356 310.318512
4.609161 304.354156
4.614966 302.515594
4.620771 297.753754
4.626576 99.707489
4.632381 99.977203
4.638186 102.756691
4.643991 102.983643
4.649796 0.000000
4.655601 0.000000
4.661406 0.000000
4.667211 310.961212
4.673016 0.000000
4.678821 325.783813
4.684626 4475.144043
4.690431 4456.853516
4.696236 4438.752441
4.702041 4421.121582
4.707846 2367.602539
4.713651 4401.201660
4.719456 4466.479492
4.725261 4455.348633
4.731066 2351.782227
4.736871 2624.787842
4.742676 2963.325928
4.748481 3484.964111
4.754286 3708.087402
4.760091 3742.073242
4.765896 3674.372559
4.771701 292.718353
4.777506 289.397156
4.783311 284.081390
4.789115 278.288239
4.794920 275.120850
4.800725 273.598816
4.806530 272.761383
4.812335 272.476105
4.818141 272.835754
4.823946 273.978333
4.829751 275.528656
4.835556 276.931854
4.841361 277.949677
4.847166 278.325165
4.852971 278.189484
4.858776 277.693237
4.864581 276.915619
4.870386 276.300873
4.876191 276.457886
4.881996 276.973999
4.887800 277.071777
4.893605 276.833496
4.899410 276.469421
4.905215 276.321136
4.911020 276.656586
4.916825 278.093018
4.922630 281.284973
4.928435 282.744843
4.934240 283.346161
4.940045 284.333252
4.945850 285.652008
4.951655 286.701630
4.957460 287.081512
4.963265 286.840271
4.969070 286.135620
4.974875 285.307526
4.980680 284.971161
4.986485 285.359589
4.992290 286.235168
4.998095 287.255981
5.003900 287.965515
5.009705 288.309143
5.015510 288.043518
5.021315 287.445831
5.027120 286.937256
5.032925 286.374176
5.038730 286.055664
5.044535 286.275421
5.050340 286.828186
5.056145 287.247375
5.061950 288.238403
5.067755 291.533112
5.073560 295.621979
5.079365 147.063721
5.085170 299.810425
5.090975 144.336411
5.096780 143.806808
5.102585 143.518219
5.108390 143.548920
5.114195 150.435104
5.120000 0.000000
5.125805 0.000000
5.131610 0.000000
5.137415 3071.133789
5.143220 3025.177490
5.149025 3008.407471
5.154830 151.211044
5.160635 169.588196
5.166440 90.015640
5.172245 92.401077
5.178050 1603.825806
5.183855 1611.694580
5.189660 1610.071777
5.195465 1616.053711
5.201270 1626.635376
5.207075 1631.295410
5.212880 1624.266113
5.218685 1609.093018
5.224490 1612.247192
5.230295 1634.646851
5.236100 1644.249390
5.241905 1640.419556
5.247710 1623.476440
5.253515 1595.401855
5.259320 1588.684692
5.265125 1605.418701
5.270930 1617.572754
5.276735 1610.948608
5.282540 1604.244995
5.288345 1608.747314
5.294150 1615.767456
5.299954 1618.963257
5.305759 1621.860840
5.311564 1637.305054
5.317369 1673.106201
5.323174 1733.913330
5.328979 1774.571533
5.334785 1769.445435
5.340590 1747.673950
5.346395 1735.882935
5.352200 1818.551025
5.358005 1868.811035
5.363810 1851.913330
5.369615 1825.677246
5.375420 1791.757690
5.381225 1743.927246
5.387030 1718.223877
5.392835 1705.190186
5.398640 1663.880859
5.404444 1975.824707
5.410249 1980.658691
5.416054 214.226624
5.421859 214.548309
5.427664 214.919922
5.433469 0.000000
5.439274 164.046524
5.445079 163.778122
5.450884 164.917694
5.456689 149.826218
5.462494 149.405945
5.468299 0.000000
5.474104 0.000000
5.479909 0.000000
5.485714 109.937386
5.491519 117.156174
5.497324 127.992729
5.503129 128.423431
5.508934 134.290054
5.514739 0.000000
5.520544 148.445343
5.526349 0.000000
5.532154 156.292953
5.537959 147.932159
5.543764 135.636597
5.549569 0.000000
5.555374 125.340775
5.561179 118.251015
5.566984 43.260132
5.572789 108.148209
5.578594 106.859917
5.584399 107.147163
5.590204 107.737511
5.596009 107.383530
5.601814 106.478600
5.607619 104.832863
5.613424 105.011017
5.619229 105.549706
5.625034 106.288818
5.630839 106.670586
5.636644 106.871147
5.642449 106.945961
5.648254 106.819641
5.654059 106.531013
5.659864 106.465668
5.665669 106.834595
5.671474 107.226006
5.677279 107.331390
5.683084 107.434158
5.688889 107.781296
5.694694 108.055153
5.700499 108.244919
5.706304 108.371376
5.712109 108.437531
5.717914 108.573631
5.723719 108.938263
5.729524 109.473198
5.735329 110.010719
5.741134 110.535889
5.746939 110.936066
5.752744 111.057869
5.758549 110.998550
5.764354 110.847878
5.770159 110.226563
5.775964 108.823769
5.781769 107.798378
5.787574 105.697266
5.793379 102.951233
5.799184 101.019318
5.804989 101.561188
5.810794 103.513062
5.816598 104.780136
5.822403 104.783966
5.828208 104.997208
5.834013 106.872047
5.839818 109.444611
5.845623 111.365044
5.851429 113.832909
5.857234 116.759941
5.863039 117.555382
5.868844 117.679207
5.874649 117.807495
5.880454 118.118492
5.886259 118.459709
5.892064 119.804359
5.897869 119.841232
5.903674 119.811424
5.909479 121.190437
5.915284 121.171539
5.921088 122.051842
5.926893 122.214561
5.932698 122.379349
5.938503 126.090462
5.944308 125.737007
5.950113 125.600143
5.955918 126.177582
5.961723 132.068222
5.967528 132.290009
5.973333 132.277054
5.979138 131.727539
5.984943 131.405289
5.990748 131.694000
5.996553 132.724594
6.002358 133.071640
6.008163 133.828522
6.013968 135.327698
6.019773 136.805130
6.025578 136.673752
6.031383 136.695755
6.037188 138.803711
6.042993 141.171448
6.048798 141.251389
6.054603 139.608383
6.060408 139.590912
6.066213 139.192535
6.072018 138.794495
6.077823 138.955795
6.083628 139.066223
6.089433 137.299652
6.095238 137.414780
6.101043 137.528015
6.106848 137.505630
6.112653 137.415390
6.118458 135.224533
6.124263 134.600342
6.130068 134.630280
6.135873 134.769821
6.141678 134.917160
6.147483 136.297134
6.153288 136.576965
6.159093 136.764969
6.164898 136.481796
6.170703 135.689270
6.176508 135.661118
6.182313 135.638763
6.188118 135.681061
6.193923 135.787201
6.199728 135.746796
6.205533 133.989456
6.211338 133.441620
6.217143 132.398758
6.222948 131.067200
6.228753 128.266754
6.234558 126.171532
6.240363 124.537277
6.246168 123.491692
6.251973 205.272476
6.257778 100.170311
6.263583 101.518265
6.269388 76.693230
6.275193 79.343910
6.280998 81.334427
6.286803 82.264626
6.292608 183.061829
6.298413 43.066406
6.304218 43.066406
6.310023 100.102928
6.315828 100.748283
6.321633 102.048958
6.327438 104.660545
6.333242 292.547638
6.339047 288.934845
6.344852 144.831253
6.350657 148.212204
6.356462 151.315628
6.362267 154.912689
6.368073 158.895676
6.373878 162.505966
6.379683 164.530487
6.385488 164.982422
6.391293 164.682220
6.397098 164.324875
6.402903 164.006882
6.408708 163.708923
6.414513 163.445709
6.420318 163.184937
6.426123 162.786942
6.431927 162.283310
6.437732 161.974915
6.443537 162.050354
6.449342 162.332138
6.455147 162.292236
6.460952 161.768448
6.466757 161.081467
6.472562 160.646301
6.478367 160.474152
6.484172 160.281052
6.489977 160.013962
6.495782 159.872574
6.501587 159.828644
6.507392 159.833954
6.513197 160.061188
6.519002 160.495941
6.524807 161.101486
6.530612 161.869934
6.536417 162.452728
6.542222 162.654984
6.548027 162.511520
6.553832 162.223358
6.559637 161.881546
6.565442 161.261765
6.571247 160.455505
6.577052 159.549866
6.582857 158.133728
6.588662 155.871185
6.594467 153.451614
6.600272 154.005356
6.606077 150.633026
6.611882 141.125198
6.617687 142.285522
6.623492 145.261841
6.629297 6133.879883
6.635102 6249.208984
6.640907 6255.475098
6.646712 6308.800781
6.652517 6351.066895
6.658322 6343.603516
6.664127 6334.206543
6.669932 6365.632813
6.675737 6449.337891
6.681542 6523.231445
6.687347 6495.242188
6.693152 6463.518066
6.698957 6481.118164
6.704762 6575.475098
6.710567 6668.077148
6.716372 6569.432617
6.722177 6412.859375
6.727982 0.000000
6.733787 0.000000
6.739592 187.300110
6.745397 210.456619
6.751202 210.406509
6.757007 194.892593
6.762812 187.637497
6.768617 183.856430
6.774422 182.905426
6.780227 182.896744
6.786032 182.641068
6.791837 182.541443
6.797642 182.557632
6.803447 182.165085
6.809252 181.350571
6.815057 180.814163
6.820862 180.771408
6.826667 180.794647
6.832472 180.793091
6.838277 180.868256
6.844081 181.277130
6.849886 182.008575
6.855691 182.631943
6.861496 182.963898
6.867301 183.322906
6.873106 183.912384
6.878911 184.478836
6.884717 184.705093
6.890522 184.456589
6.896327 183.501160
6.902132 181.786850
6.907937 179.741241
6.913742 177.633301
6.919547 175.477249
6.925352 172.832687
6.931157 169.279282
6.936962 165.030823
6.942767 160.294617
6.948571 154.597534
6.954376 147.827499
6.960181 142.152802
6.965986 137.208588
6.971791 133.189789
6.977596 128.768021
6.983401 120.999557
6.989206 119.425850
6.995011 119.380692
7.000816 119.752319
7.006621 120.244766
7.012426 121.178169
7.018231 123.287498
7.024036 127.568253
7.029841 130.652328
7.035646 132.721893
7.041451 135.054276
7.047256 137.672318
7.053061 140.637115
7.058866 144.945114
7.064671 149.821167
7.070476 153.503647
7.076281 155.875839
7.082086 157.117020
7.087891 158.462494
7.093696 160.098770
7.099501 162.363571
7.105306 163.570724
7.111111 164.426224
7.116916 165.865234
7.122721 167.910263
7.128526 169.872314
7.134331 171.335617
7.140136 172.197327
7.145941 173.026367
7.151746 175.163132
7.157551 177.870117
7.163356 179.038040
7.169161 179.025909
7.174966 179.528870
7.180771 180.849609
7.186576 182.305954
7.192381 183.799927
7.198186 184.801132
7.203991 185.078705
7.209796 185.286545
7.215601 186.054489
7.221406 187.010086
7.227211 187.570786
7.233016 187.737366
7.238821 188.018051
7.244626 188.684341
7.250431 189.297211
7.256236 189.577957
7.262041 190.132965
7.267846 191.407745
7.273651 192.967621
7.279456 194.098358
7.285261 194.862564
7.291066 195.614380
7.296871 195.467453
7.302676 194.742310
7.308481 194.916718
7.314286 195.570526
7.320091 195.797379
7.325896 195.589249
7.331701 195.881393
7.337506 196.679199
7.343311 197.185089
7.349116 196.947830
7.354921 196.102356
7.360725 195.082748
7.366530 193.986359
7.372335 193.280823
7.378140 193.862183
7.383945 195.419815
7.389750 197.086258
7.395555 198.210968
7.401361 199.092896
7.407166 200.117432
7.412971 201.514221
7.418776 202.713364
7.424581 203.118286
7.430386 204.057373
7.436191 206.251862
7.441996 210.155884
7.447801 214.217194
7.453606 215.521561
7.459411 214.585999
7.465215 213.870773
7.471020 214.215347
7.476825 214.440628
7.482630 215.147324
7.488435 217.092804
7.494240 218.463760
7.500045 218.531097
7.505850 218.543030
7.511655 219.553177
7.517460 220.819901
7.523265 221.673309
7.529070 223.052307
7.534875 224.575500
7.540680 224.833298
7.546485 223.173264
7.552290 221.487595
7.558095 221.909332
7.563900 223.229996
7.569705 223.834534
7.575510 224.176834
7.581315 225.164017
7.587120 226.086945
7.592925 226.149933
7.598730 225.893311
7.604535 225.871216
7.610340 225.732529
7.616145 225.163269
7.621950 225.428268
7.627755 226.057053
7.633560 225.237289
7.639365 224.191696
7.645170 225.349091
7.650975 226.128555
7.656780 221.734970
7.662585 218.829117
7.668390 220.662338
7.674195 223.856430
7.680000 225.523041
7.685805 226.041275
7.691610 227.680237
7.697415 230.356476
7.703220 231.324234
7.709025 230.714706
7.714830 231.552765
7.720635 233.468933
7.726440 235.497574
7.732245 236.720108
7.738050 237.622971
7.743855 237.956451
7.749660 237.376129
7.755465 236.342102
7.761270 236.001572
7.767075 236.941025
7.772880 238.160553
7.778685 240.899460
7.784490 249.170013
7.790295 267.335724
7.796100 276.947510
7.801905 278.156158
7.807710 276.638458
7.813515 132.853027
7.819320 131.493683
7.825125 264.314941
7.830930 262.206787
7.836735 256.540863
7.842540 253.730286
7.848345 254.992081
7.854150 127.980515
7.859955 127.160454
7.865760 126.800964
7.871564 126.846054
7.877369 254.521133
7.883174 255.848282
7.888979 256.850220
7.894784 256.726807
7.900589 255.970291
7.906394 255.377686
7.912199 255.692780
7.918005 256.988678
7.923810 258.587219
7.929615 259.776642
7.935420 260.368622
7.941225 260.106842
7.947030 259.665588
7.952835 259.584320
7.958640 259.588074
7.964445 259.189392
7.970250 258.544556
7.976054 258.362854
7.981859 258.555878
7.987664 258.505524
7.993469 257.297729
7.999274 253.579102
8.005079 239.678406
8.010884 226.323013
8.016689 224.058533
8.022494 127.208908
8.028299 127.385338
8.034104 129.573914
8.039909 153.630356
8.045714 174.652374
8.051519 191.916702
8.057324 215.703354
8.063129 114.419106
8.068934 239.636398
8.074739 290.551208
8.080544 0.000000
8.086349 0.000000
8.092155 84.276299
8.097960 166.125443
8.103765 80.049591
8.109570 128.623749
8.115375 257.972992
8.121180 257.330292
8.126985 256.140747
8.132789 255.581497
8.138594 256.012573
8.144399 256.722046
8.150204 257.134155
8.156009 257.670593
8.161814 258.563477
8.167619 259.742096
8.173424 260.900879
8.179229 261.599518
8.185034 261.019989
8.190839 259.417786
8.196644 258.300415
8.202449 65.407555
8.208254 156.842255
8.214059 154.955032
8.219864 147.801865
8.225669 134.634201
8.231474 128.435577
8.237279 0.000000
8.243084 142.486618
8.248889 143.696365
8.254694 144.304337
8.260499 50.053364
8.266304 176.141876
8.272109 150.737228
8.277914 149.373917
8.283719 149.004028
8.289524 148.234787
8.295329 295.253693
8.301134 293.890167
8.306939 291.967712
8.312744 288.874542
8.318549 285.091003
8.324354 282.651611
8.330159 282.274963
8.335963 282.355011
8.341768 282.301666
8.347573 282.285950
8.353378 281.842316
8.359183 280.389099
8.364988 278.036316
8.370793 275.225128
8.376598 272.143372
8.382403 268.030945
8.388208 262.654327
8.394013 255.777512
8.399818 245.910553
8.405623 231.576492
8.411428 214.071381
8.417233 197.815140
8.423038 188.216431
8.428843 179.495743
8.434649 165.058960
8.440454 152.982544
8.446259 147.825897
8.452064 143.547424
8.457869 136.734528
8.463674 127.590805
8.469479 126.744057
8.475284 129.249283
8.481089 130.606201
8.486894 132.263153
8.492699 134.803802
8.498504 139.453934
8.504309 144.488678
8.510114 147.918182
8.515919 151.343063
8.521724 155.072403
8.527529 158.987000
8.533334 162.022720
8.539139 164.391342
8.544943 167.059860
8.550748 169.997635
8.556553 172.457474
8.562358 174.509689
8.568163 177.510574
8.573968 181.168961
8.579773 183.233826
8.585578 185.167847
8.591383 186.994492
8.597188 188.057083
8.602993 188.903076
8.608798 190.611481
8.614603 192.400818
8.620408 193.180511
8.626213 193.764526
8.632018 194.722153
8.637823 196.136200
8.643628 197.808243
8.649433 198.632416
8.655238 198.846573
8.661043 199.308731
8.666848 199.602966
8.672653 199.928833
8.678458 200.998093
8.684263 202.629181
8.690068 203.828110
8.695873 204.352310
8.701678 204.526611
8.707483 204.644455
8.713288 204.641144
8.719093 204.329391
8.724898 204.083115
8.730703 204.538055
8.736508 205.497955
8.742313 206.070190
8.748117 206.446396
8.753922 207.401642
8.759727 208.789764
8.765532 210.069244
8.771338 211.028198
8.777143 212.033340
8.782948 213.078247
8.788753 214.616806
8.794558 217.517090
8.800363 220.523636
8.806168 222.806046
8.811973 223.537094
8.817778 224.234634
8.823583 225.457535
8.829388 115.272293
8.835193 115.983200
8.840998 230.120636
8.846803 229.543716
8.852608 228.165817
8.858413 230.010483
8.864218 236.915924
8.870023 242.778015
8.875828 247.396240
8.881633 250.662827
8.887438 254.026550
8.893243 260.368286
8.899048 266.952393
8.904853 269.666748
8.910658 270.663300
8.916463 271.757446
8.922268 272.732788
8.928073 273.436340
8.933878 273.810272
8.939683 273.965332
8.945488 274.010681
8.951293 274.008026
8.957097 274.082794
8.962902 274.414795
8.968707 275.055389
8.974512 275.444916
8.980317 274.866302
8.986122 273.943787
8.991927 274.011169
8.997732 275.285095
9.003537 276.635895
9.009342 277.191711
9.015147 276.983398
9.020952 276.439178
9.026757 276.055603
9.032562 276.486847
9.038367 278.159332
9.044172 280.653748
9.049977 283.209015
9.055782 285.223328
9.061587 286.175903
9.067392 286.201630
9.073197 285.227966
9.079002 283.143860
9.084807 279.979431
9.090612 275.720856
9.096417 137.600464
9.102222 140.531845
9.108027 54.725922
9.113832 92.545898
9.119637 94.382431
9.125443 169.255737
9.131248 163.400665
9.137053 159.150269
9.142858 154.539627
9.148663 151.868118
9.154468 166.147797
9.160272 152.050522
9.166077 152.000046
9.171882 151.909180
9.177687 151.737000
9.183492 162.988464
9.189297 161.156998
9.195102 317.478546
9.200907 312.841248
9.206712 307.453491
9.212517 302.550293
9.218322 300.886932
9.224127 301.070862
9.229932 302.069275
9.235737 302.793335
9.241542 302.753052
9.247347 302.241699
9.253152 301.772339
9.258957 301.193726
9.264762 300.673920
9.270567 301.410767
9.276372 303.565186
9.282177 305.561676
9.287982 306.946960
9.293787 154.428177
9.299592 155.229080
9.305397 155.790466
9.311202 311.364227
9.317007 311.045135
9.322812 309.971405
9.328617 308.645599
9.334422 307.565857
9.340227 306.948944
9.346032 307.008179
9.351837 158.855637
9.357642 182.016602
9.363446 132.978439
9.369251 133.090393
9.375056 0.000000
9.380861 0.000000
9.386666 206.629074
9.392471 205.387070
9.398276 217.321274
9.404081 296.172852
9.409886 304.149292
9.415691 307.476135
9.421496 153.122070
9.427301 1606.610840
9.433106 1607.603882
9.438911 1647.780151
9.444716 1680.645264
9.450521 1670.059448
9.456326 1651.504517
9.462132 1671.270142
9.467937 1715.701904
9.473742 195.300919
9.479547 195.520828
9.485352 195.894577
9.491157 1831.619995
9.496962 1814.634033
9.502767 1810.145874
9.508572 1821.161621
9.514377 137.469635
9.520182 1851.495117
9.525987 203.578049
9.531792 203.285095
9.537597 195.877304
9.543402 195.118210
9.549207 65.025711
9.555012 184.180054
9.560817 183.450348
9.566622 166.088028
9.572426 154.561798
9.578231 148.824860
9.584036 0.000000
9.589841 79.237785
9.595646 147.003326
9.601451 157.122986
9.607256 160.906662
9.613061 169.751953
9.618866 183.373886
9.624671 240.174896
9.630476 137.540070
9.636281 143.203781
9.642086 147.918900
9.647891 5994.962402
9.653696 6105.110840
9.659501 6187.648438
9.665306 6233.719238
9.671111 6193.798340
9.676916 6041.246094
9.682721 5926.309082
9.688526 6032.386230
9.694331 6168.516602
9.700136 6169.232422
9.705941 6014.901855
9.711746 5871.278809
9.717551 5989.089844
9.723356 6175.757324
9.729161 6267.007324
9.734966 201.559036
9.740771 175.777817
9.746576 165.200485
9.752381 158.073715
9.758186 156.676376
9.763991 156.050171
9.769796 154.609924
9.775600 152.943924
9.781405 151.654617
9.787210 150.602341
9.793015 149.672913
9.798820 149.074142
9.804626 148.430740
9.810431 147.460083
9.816236 146.203323
9.822041 144.970901
9.827846 144.521698
9.833651 144.691895
9.839456 145.362915
9.845261 147.041214
9.851066 152.100174
9.856871 152.254272
9.862676 122.233109
9.868481 120.832771
9.874286 228.321152
9.880091 225.533325
9.885896 223.023392
9.891701 198.767395
9.897506 176.057159
9.903311 179.995499
9.909116 194.214813
9.914921 202.820679
9.920726 216.830673
9.926531 67.080223
9.932336 67.061562
9.938141 64.595695
9.943946 227.351974
9.949751 222.500931
9.955556 219.691940
9.961361 217.272415
9.967166 215.322449
9.972971 214.284561
9.978776 214.375168
9.984580 215.639832
9.990385 217.294495
9.996190 218.490601
10.001995 219.167328
10.007800 220.010254
10.013605 221.214355
10.019410 222.501221
10.025215 223.859268
10.031020 225.356567
10.036825 227.101715
10.042630 228.788452
10.048435 230.492889
10.054240 232.326752
10.060045 233.760757
10.065850 234.701691
10.071655 236.134354
10.077460 238.376663
10.083265 240.169617
10.089070 241.219330
10.094875 242.325577
10.100680 243.267807
10.106485 242.802460
10.112290 242.089874
10.118095 242.314117
10.123900 242.944611
10.129705 243.397369
10.135510 243.625702
10.141315 242.940018
10.147120 240.113907
10.152925 233.197342
10.158731 112.124153
10.164536 111.766388
10.170341 107.927162
10.176146 204.092972
10.181951 203.506226
10.187755 202.992477
10.193560 6626.394531
10.199365 6818.625977
10.205170 6997.905273
10.210975 7094.288086
10.216780 7086.000000
10.222585 7029.756836
10.228390 6983.854492
10.234195 6943.432617
10.240000 3406.834229
10.245805 3331.575195
10.251610 3186.691162
10.257415 257.868652
10.263220 263.512817
10.269025 253.452316
10.274830 251.050156
10.280635 250.307678
10.286440 249.984833
10.292245 250.132080
10.298050 250.460800
10.303855 250.530991
10.309660 250.217773
10.315465 249.285156
10.321270 248.034561
10.327075 247.105377
10.332880 246.906693
10.338685 247.817429
10.344490 250.559250
10.350295 255.027695
10.356100 256.941040
10.361905 257.227478
10.367710 257.632996
10.373515 258.356750
10.379320 258.927155
10.385125 259.701141
10.390930 260.863495
10.396734 262.011047
10.402539 263.319672
10.408344 265.024719
10.414149 266.595490
10.419954 267.321655
10.425759 267.909546
10.431564 269.018616
10.437369 270.265686
10.443174 270.845917
10.448979 270.488129
10.454784 269.809265
10.460589 269.093781
10.466394 268.098083
10.472199 266.831604
10.478004 265.461609
10.483809 264.010834
10.489614 262.679077
10.495420 261.776215
10.501225 261.286560
10.507030 261.165802
10.512835 261.296631
10.518640 261.246521
10.524445 260.661102
10.530250 259.777954
10.536055 259.022461
10.541860 258.393433
10.547665 258.044403
10.553470 258.157684
10.559275 258.515228
10.565080 258.684906
10.570885 258.856812
10.576690 259.275726
10.582495 259.377808
10.588300 258.691193
10.594105 257.654510
10.599909 256.320831
10.605714 253.628418
10.611519 248.868011
10.617324 243.583344
10.623129 240.245972
10.628934 239.425095
10.634739 239.420227
10.640544 237.430542
10.646349 43.066406
10.652154 126.308228
10.657959 0.000000
10.663764 229.297989
10.669569 85.284218
10.675374 79.623627
10.681179 122.182678
10.686984 118.690788
10.692789 111.651093
10.698594 107.988800
10.704399 206.268326
10.710204 206.487320
10.716009 217.157944
10.721814 7660.422363
10.727619 7706.322754
10.733424 7711.474609
10.739229 7642.525391
10.745034 7508.111816
10.750839 7379.281738
10.756644 7316.813477
10.762449 7340.078125
10.768254 7399.590332
10.774059 7409.593262
10.779864 7342.381348
10.785669 7230.775391
10.791474 7156.506348
10.797279 7090.540039
10.803084 6955.799805
10.808888 6804.642578
10.814693 6762.279297
10.820498 0.000000
10.826303 6965.979004
10.832108 0.000000
10.837914 0.000000
10.843719 217.918304
10.849524 0.000000
10.855329 131.919189
10.861134 125.292030
10.866939 124.659683
10.872744 124.157578
10.878549 124.012360
10.884354 124.087563
10.890159 124.188187
10.895964 124.568520
10.901769 125.725655
10.907574 127.262413
10.913379 128.604401
10.919184 129.728928
10.924989 130.445831
10.930794 130.592453
10.936599 130.237549
10.942404 130.044067
10.948209 130.535919
10.954014 132.294708
10.959819 133.164474
10.965624 133.676620
10.971429 135.299789
10.977234 136.192871
10.983039 136.795929
10.988844 137.394836
10.994649 138.852798
11.000454 139.995590
11.006259 141.401581
11.012063 143.027740
11.017868 143.691833
11.023673 144.131622
11.029478 144.854660
11.035283 145.695587
11.041088 146.133499
11.046893 146.399246
11.052698 146.730637
11.058503 146.923660
11.064308 147.025223
11.070113 147.129959
11.075918 147.114868
11.081723 147.124619
11.087528 147.712036
11.093333 148.438217
11.099138 148.643921
11.104943 148.699432
11.110748 148.398346
11.116553 147.581879
11.122358 147.784348
11.128163 149.219208
11.133968 151.271973
11.139773 152.645050
11.145578 153.680923
11.151383 154.213776
11.157188 155.390656
11.162993 157.199463
11.168798 158.669235
11.174603 158.796722
11.180408 158.785889
11.186213 158.639542
11.192019 157.829193
11.197824 157.197495
11.203629 157.182465
11.209434 157.195206
11.215239 156.704102
11.221043 156.083786
11.226848 155.908127
11.232653 157.723297
11.238458 160.271011
11.244263 161.189850
11.250068 161.576614
11.255873 162.514771
11.261678 163.986664
11.267483 165.973099
11.273288 169.278854
11.279093 172.822464
11.284898 175.304535
11.290703 176.735764
11.296508 178.412415
11.302313 180.085968
11.308118 180.528336
11.313923 179.808151
11.319728 178.865097
11.325533 178.504761
11.331338 178.493225
11.337143 178.301620
11.342948 177.851471
11.348753 177.516525
11.354558 177.341568
11.360363 177.122696
11.366168 176.811020
11.371973 176.297897
11.377778 175.928787
11.383583 175.926071
11.389388 175.796021
11.395193 175.340820
11.400998 175.072342
11.406803 175.284439
11.412608 175.497162
11.418413 175.549454
11.424217 175.698853
11.430022 176.011490
11.435827 176.262177
11.441632 176.464172
11.447437 176.898285
11.453242 177.532806
11.459047 177.977798
11.464852 177.988617
11.470657 177.676971
11.476462 177.137299
11.482267 176.635376
11.488072 176.346146
11.493877 176.175140
11.499682 175.919266
11.505487 175.819199
11.511292 176.583801
11.517097 177.693634
11.522902 177.329803
11.528708 176.181656
11.534513 175.980026
11.540318 176.060440
11.546123 176.136292
11.551928 176.931351
11.557733 177.986832
11.563538 178.601028
11.569343 179.113968
11.575148 179.609619
11.580953 180.295547
11.586758 181.708664
11.592563 183.204117
11.598368 183.630325
11.604173 182.530029
11.609978 181.189713
11.615783 180.621109
11.621588 180.553452
11.627392 180.438446
11.633197 180.455276
11.639002 180.895004
11.644807 181.541000
11.650612 182.327255
11.656417 183.164856
11.662222 183.844055
11.668027 185.898056
11.673832 188.919449
11.679637 191.824142
11.685442 194.889374
11.691247 197.882126
11.697052 201.135223
11.702857 206.007065
11.708662 103.677391
11.714467 100.322273
11.720272 100.008926
11.726077 103.119331
11.731882 186.428635
11.737687 180.853119
11.743492 185.600006
11.749297 206.293884
11.755102 120.275284
11.760907 123.381401
11.766712 225.520828
11.772517 83.090179
11.778322 195.111984
11.784127 200.916290
11.789932 88.851471
11.795737 49.745007
11.801542 173.845734
11.807347 149.743362
11.813152 141.019730
11.818957 271.662201
11.824762 266.328461
11.830567 260.955475
11.836371 256.230377
11.842176 253.164474
11.847981 251.834259
11.853786 251.050217
11.859591 249.902451
11.865396 249.040573
11.871202 250.340530
11.877007 254.503128
11.882812 258.523132
11.888617 259.302429
11.894422 257.275208
11.900227 255.443680
11.906032 254.799484
11.911837 255.098267
11.917642 255.916534
11.923447 257.085205
11.929252 259.062775
11.935057 261.806335
11.940862 264.520416
11.946667 266.452057
11.952472 267.521057
11.958277 268.413757
11.964082 269.719299
11.969887 271.404297
11.975692 273.295166
11.981497 275.053986
11.987302 276.924194
11.993107 279.336273
11.998912 282.327484
12.004717 285.709045
12.010522 288.598511
12.016327 290.654694
12.022132 292.007965
12.027937 293.077606
12.033742 294.187347
12.039546 294.934875
12.045351 295.100586
12.051156 295.341003
12.056961 296.280792
12.062766 297.567535
12.068571 298.783051
12.074376 300.181427
12.080181 301.854980
12.085986 303.654816
12.091791 305.689209
12.097596 307.947174
12.103401 309.883728
12.109206 311.151886
12.115011 312.256439
12.120816 313.612793
12.126621 314.916565
12.132426 316.001068
12.138231 317.125153
12.144036 318.348114
12.149841 319.439606
12.155646 320.276123
12.161451 321.226257
12.167256 322.831329
12.173061 325.499786
12.178866 326.468842
12.184671 326.789185
12.190476 326.181458
12.196281 323.976624
12.202086 321.953644
12.207891 320.369354
12.213696 319.020905
12.219501 317.671417
12.225307 315.982117
12.231112 313.940002
12.236917 312.170166
12.242722 310.812531
12.248526 309.584076
12.254331 308.381561
12.260136 307.457947
12.265941 306.851349
12.271746 306.169922
12.277551 305.214691
12.283356 304.096405
12.289161 302.748505
12.294966 301.060547
12.300771 299.179779
12.306576 297.272125
12.312381 295.422424
12.318186 293.383545
12.323991 290.812988
12.329796 288.283142
12.335601 285.401154
12.341406 282.111877
12.347211 278.518829
12.353016 274.224731
12.358821 268.250488
12.364626 263.421997
12.370431 260.173492
12.376236 257.006317
12.382041 255.139343
12.387846 252.645142
12.393651 250.147125
12.399456 250.040085
12.405261 250.477737
12.411066 249.691315
12.416871 248.772858
12.422676 249.527390
12.428481 252.737137
12.434286 254.919144
12.440091 255.657852
12.445896 256.083923
12.451700 257.099945
12.457505 257.588654
12.463310 256.948578
12.469115 256.954895
12.474920 258.450012
12.480725 259.939423
12.486530 261.123230
12.492335 262.340210
12.498140 263.583191
12.503945 265.118073
12.509750 267.024689
12.515555 268.256012
12.521360 268.615356
12.527165 268.469116
12.532970 268.172638
12.538775 267.707397
12.544580 267.102173
12.550385 266.813049
12.556190 266.981384
12.561996 267.427826
12.567801 267.891418
12.573606 268.142395
12.579411 268.156433
12.585216 268.278503
12.591021 268.749023
12.596826 269.107086
12.602631 269.038483
12.608436 268.820190
12.614241 268.767822
12.620046 268.769196
12.625851 268.497192
12.631656 267.829956
12.637461 267.089813
12.643266 266.732330
12.649071 266.570435
12.654876 266.088989
12.660680 265.634430
12.666485 265.878174
12.672290 266.311707
12.678095 266.126892
12.683900 265.586792
12.689705 265.390320
12.695510 265.409546
12.701315 265.339508
12.707120 265.453094
12.712925 265.868317
12.718730 266.233429
12.724535 266.131470
12.730340 265.618591
12.736145 265.150818
12.741950 265.151276
12.747755 265.433899
12.753560 265.496429
12.759365 265.001038
12.765170 264.097839
12.770975 263.727173
12.776780 264.810516
12.782585 266.373444
12.788390 267.043823
12.794195 268.435059
12.800000 271.164307
12.805805 272.743103
12.811610 272.918396
12.817415 273.356445
12.823220 274.343567
12.829025 274.850281
12.834830 275.120880
12.840635 275.303619
12.846440 275.126495
12.852245 274.366669
12.858050 272.965607
12.863854 270.890289
12.869659 269.740265
12.875464 271.214203
12.881269 272.980042
12.887074 273.912140
12.892879 274.645966
12.898685 275.665283
12.904490 276.951050
12.910295 278.533997
12.916100 280.446472
12.921905 282.518982
12.927710 284.658142
12.933515 286.903503
12.939320 289.113373
12.945125 290.950867
12.950930 292.325531
12.956735 293.349609
12.962540 294.045746
12.968345 294.885803
12.974150 296.573608
12.979955 299.153564
12.985760 302.606812
12.991565 308.166809
12.997370 316.746368
13.003175 327.388000
13.008980 334.909515
13.014785 335.446533
13.020590 333.556763
13.026395 332.102814
13.032200 331.287262
13.038005 330.923615
13.043810 330.529327
13.049615 329.678741
13.055420 328.816681
13.061225 328.235016
13.067030 327.493073
13.072834 326.276611
13.078639 325.176056
13.084444 324.952057
13.090249 325.531281
13.096054 326.236725
13.101859 326.450623
13.107664 326.235870
13.113469 326.020660
13.119274 326.051697
13.125079 326.237366
13.130884 326.492126
13.136689 326.999481
13.142494 328.012024
13.148299 329.431152
13.154104 331.088989
13.159909 332.980011
13.165714 335.155762
13.171519 337.732635
13.177324 340.967377
13.183129 344.606903
13.188934 347.752014
13.194739 350.074188
13.200544 352.002777
13.206349 354.077362
13.212154 356.373047
13.217959 358.543854
13.223764 360.437012
13.229569 362.445099
13.235374 364.805023
13.241179 367.225555
13.246984 369.432861
13.252789 371.512299
13.258595 373.350739
13.264400 374.779816
13.270205 376.024414
13.276009 377.374817
13.281814 378.855194
13.287619 380.181213
13.293424 381.201752
13.299229 382.092712
13.305034 382.942017
13.310839 383.587830
13.316644 383.989960
13.322449 384.273956
13.328254 384.515625
13.334059 384.857666
13.339864 385.396240
13.345669 385.911591
13.351474 386.077057
13.357279 385.833557
13.363084 385.376709
13.368889 384.963196
13.374694 384.680481
13.380499 384.461945
13.386304 384.261627
13.392109 384.019043
13.397914 383.628357
13.403719 382.983673
13.409524 381.972107
13.415329 380.591370
13.421134 378.900818
13.426939 377.056152
13.432744 375.204315
13.438549 373.420837
13.444354 371.451050
13.450159 368.777313
13.455964 365.162079
13.461769 361.213257
13.467574 357.788513
13.473379 355.213928
13.479183 353.347137
13.484988 351.460480
13.490793 348.920502
13.496598 346.209808
13.502403 344.549713
13.508208 343.619904
13.514013 342.723083
13.519818 342.327820
13.525623 343.243347
13.531428 344.572205
13.537233 344.919220
13.543038 344.590393
13.548843 344.983521
13.554648 346.842072
13.560453 348.661865
13.566258 349.536896
13.572063 349.790039
13.577868 350.283905
13.583673 351.361603
13.589478 352.578339
13.595284 353.530884
13.601089 354.122253
13.606894 354.341278
13.612699 354.177246
13.618504 353.638428
13.624309 352.623444
13.630114 350.917664
13.635919 348.504730
13.641724 346.018402
13.647529 344.369995
13.653334 343.464111
13.659139 342.975464
13.664944 343.323120
13.670749 345.351959
13.676554 347.745911
13.682359 348.598633
13.688163 348.440277
13.693968 348.949951
13.699773 351.079956
13.705578 354.352234
13.711383 356.657166
13.717188 356.774719
13.722993 355.930481
13.728798 354.749603
13.734603 352.945251
13.740408 351.358734
13.746213 350.872528
13.752018 350.979980
13.757823 351.348633
13.763628 351.900116
13.769433 352.347382
13.775238 352.334259
13.781043 351.808136
13.786848 351.145233
13.792653 351.013947
13.798458 351.673737
13.804263 352.682129
13.810068 353.832886
13.815873 355.069946
13.821678 355.898102
13.827483 356.041290
13.833288 355.690491
13.839093 355.159607
13.844898 354.528473
13.850703 353.635193
13.856508 352.439362
13.862313 351.369080
13.868118 351.529999
13.873923 0.000000
13.879728 355.143463
13.885533 355.421387
13.891337 0.000000
13.897142 0.000000
13.902947 0.000000
13.908752 176.294525
13.914557 352.547363
13.920362 352.689911
13.926167 352.826019
13.931973 352.851776
13.937778 352.786682
13.943583 0.000000
13.949388 353.044189
13.955193 0.000000
13.960998 354.497528
13.966803 0.000000
13.972608 0.000000
13.978413 0.000000
13.984218 0.000000
13.990023 0.000000
13.995828 0.000000
14.001633 356.212189
14.007438 0.000000
14.013243 0.000000
14.019048 0.000000
14.024853 0.000000
14.030658 0.000000
14.036463 0.000000
14.042268 355.340485
14.048073 0.000000
14.053878 118.971931
14.059683 258.076843
14.065488 0.000000
14.071293 0.000000
14.077098 0.000000
14.082903 344.916718
14.088708 0.000000
14.094513 0.000000
14.100317 350.130920
14.106122 352.989197
14.111927 0.000000
14.117732 0.000000
14.123537 0.000000
14.129342 0.000000
14.135147 0.000000
14.140952 0.000000
14.146757 0.000000
14.152562 0.000000
14.158367 0.000000
14.164172 0.000000
14.169977 0.000000
14.175782 0.000000
14.181587 0.000000
14.187392 0.000000
14.193197 0.000000
14.199002 0.000000
14.204807 234.781006
14.210612 0.000000
14.216417 0.000000
14.222222 0.000000
14.228027 342.160339
14.233832 339.495575
14.239637 0.000000
14.245442 0.000000
14.251247 0.000000
14.257052 0.000000
14.262857 0.000000
14.268662 0.000000
14.274467 0.000000
14.280272 0.000000
14.286077 0.000000
14.291883 0.000000
14.297688 187.912201
14.303492 186.669388
14.309297 0.000000
14.315102 0.000000
14.320907 177.426849
14.326712 0.000000
14.332517 0.000000
14.338322 0.000000
14.344127 0.000000
14.349932 0.000000
14.355737 0.000000
14.361542 0.000000
14.367347 188.048950
14.373152 0.000000
14.378957 0.000000
14.384762 0.000000
14.390567 251.551743
14.396372 0.000000
